{
    "name": "Moonbase System",
    "creator": "Furballman",
    "version": "1.0",
    "date": "2016/08/16",
    "description": "Close combat barren planet where controll over the centre is important together with compushes down the two lanes. Perfect map for 2v2 shared or any other shared matchup.",
    "planets": [
        {
            "name": "Aliraen",
            "mass": 5000,
            "position_x": 25600,
            "position_y": -1700,
            "velocity_x": 9.249974250793457,
            "velocity_y": 139.2938232421875,
            "required_thrust_to_move": 0,
            "starting_planet": true,
            "respawn": false,
            "start_destroyed": false,
            "min_spawn_delay": 0,
            "max_spawn_delay": 0,
            "planet": {
                "seed": 631000640,
                "radius": 400,
                "heightRange": 0,
                "waterHeight": 0,
                "waterDepth": 100,
                "temperature": 0,
                "metalDensity": 0,
                "metalClusters": 0,
                "metalSpotLimit": -1,
                "biomeScale": 50,
                "biome": "moon",
                "symmetryType": "terrain and CSG",
                "symmetricalMetal": true,
                "symmetricalStarts": true,
                "numArmies": 2,
                "landingZonesPerArmy": 0,
                "landingZoneSize": 0
            },
            "source": {
                "brushes": [
                    {
                        "spec": "/pa/terrain/metal/brushes/metal_t2_medium_bend.json",
                        "rotation": -1.3099991083145142,
                        "op": "BO_Add",
                        "transform": [
                            -0.9418578743934631,
                            0.27613574266433716,
                            -0.1914495974779129,
                            -77.21304321289062,
                            0.23985381424427032,
                            0.9515406489372253,
                            0.19245970249176025,
                            77.62042999267578,
                            0.23531706631183624,
                            0.13534978032112122,
                            -0.962448239326477,
                            -388.16253662109375
                        ],
                        "mirrored": false,
                        "proj": "BP_Bend",
                        "position": [
                            -77.21298217773438,
                            77.620361328125,
                            -388.1624755859375
                        ],
                        "height": 403.30743408203125,
                        "weightScale": [
                            1,
                            1,
                            1
                        ],
                        "scale": [
                            1,
                            1,
                            1
                        ],
                        "weight": [
                            1,
                            1,
                            1,
                            1
                        ],
                        "weightHard": false,
                        "no_features": true,
                        "pathable": true,
                        "flooded": false,
                        "twinId": 7,
                        "mergeable": false
                    },
                    {
                        "spec": "/pa/terrain/metal/brushes/metal_t2_medium_bend.json",
                        "rotation": -1.3099991083145142,
                        "op": "BO_Add",
                        "transform": [
                            -0.9418578743934631,
                            0.27613574266433716,
                            -0.1914495974779129,
                            -77.21304321289062,
                            0.23985381424427032,
                            0.9515406489372253,
                            0.19245970249176025,
                            77.62042999267578,
                            -0.23531706631183624,
                            -0.13534978032112122,
                            0.962448239326477,
                            388.1625061035156
                        ],
                        "mirrored": true,
                        "proj": "BP_Bend",
                        "position": [
                            -77.21298217773438,
                            77.620361328125,
                            -388.1624755859375
                        ],
                        "height": 403.30743408203125,
                        "weightScale": [
                            1,
                            1,
                            1
                        ],
                        "scale": [
                            1,
                            1,
                            1
                        ],
                        "weight": [
                            1,
                            1,
                            1,
                            1
                        ],
                        "weightHard": false,
                        "no_features": true,
                        "pathable": true,
                        "flooded": false,
                        "twinId": 7,
                        "mergeable": false
                    },
                    {
                        "spec": "/pa/terrain/metal/brushes/metal_structure_06.json",
                        "rotation": 0,
                        "op": "BO_Add",
                        "transform": [
                            0.5096569061279297,
                            0.08063336461782455,
                            -0.15921230614185333,
                            -118.86476135253906,
                            0.08063336461782455,
                            0.32572928071022034,
                            0.4230829179286957,
                            315.8653564453125,
                            0.15921230614185333,
                            -0.4230829179286957,
                            0.29538577795028687,
                            220.5291748046875
                        ],
                        "mirrored": false,
                        "proj": "BP_Bend",
                        "position": [
                            -118.86474609375,
                            315.8653564453125,
                            220.5291748046875
                        ],
                        "height": 403.1536560058594,
                        "weightScale": [
                            1,
                            1,
                            1
                        ],
                        "scale": [
                            0.5400004386901855,
                            0.5400004386901855,
                            0.5400004386901855
                        ],
                        "weight": [
                            1,
                            1,
                            1,
                            1
                        ],
                        "weightHard": false,
                        "no_features": false,
                        "pathable": false,
                        "flooded": false,
                        "twinId": 8,
                        "mergeable": false
                    },
                    {
                        "spec": "/pa/terrain/metal/brushes/metal_structure_06.json",
                        "rotation": 0,
                        "op": "BO_Add",
                        "transform": [
                            0.5096569061279297,
                            0.08063336461782455,
                            -0.15921230614185333,
                            -118.86476135253906,
                            0.08063336461782455,
                            0.32572928071022034,
                            0.4230829179286957,
                            315.8653564453125,
                            -0.15921230614185333,
                            0.4230829179286957,
                            -0.29538577795028687,
                            -220.5291748046875
                        ],
                        "mirrored": true,
                        "proj": "BP_Bend",
                        "position": [
                            -118.86474609375,
                            315.8653564453125,
                            220.5291748046875
                        ],
                        "height": 403.1536560058594,
                        "weightScale": [
                            1,
                            1,
                            1
                        ],
                        "scale": [
                            0.5400004386901855,
                            0.5400004386901855,
                            0.5400004386901855
                        ],
                        "weight": [
                            1,
                            1,
                            1,
                            1
                        ],
                        "weightHard": false,
                        "no_features": false,
                        "pathable": false,
                        "flooded": false,
                        "twinId": 8,
                        "mergeable": false
                    },
                    {
                        "spec": "/pa/terrain/metal/brushes/metal_structure_06.json",
                        "rotation": 0.9499993920326233,
                        "op": "BO_Add",
                        "transform": [
                            0.3942014276981354,
                            -0.30773305892944336,
                            -0.34929367899894714,
                            -230.4749298095703,
                            0.45340868830680847,
                            0.15010079741477966,
                            0.3794611692428589,
                            250.38038635253906,
                            -0.10548107326030731,
                            -0.5048471093177795,
                            0.32573550939559937,
                            214.93051147460938
                        ],
                        "mirrored": false,
                        "proj": "BP_Bend",
                        "position": [
                            -230.47491455078125,
                            250.38037109375,
                            214.9305419921875
                        ],
                        "height": 402.4974060058594,
                        "weightScale": [
                            1,
                            1,
                            1
                        ],
                        "scale": [
                            0.6100003719329834,
                            0.6100003719329834,
                            0.6100003719329834
                        ],
                        "weight": [
                            1,
                            1,
                            1,
                            1
                        ],
                        "weightHard": false,
                        "no_features": false,
                        "pathable": false,
                        "flooded": false,
                        "twinId": 9,
                        "mergeable": false
                    },
                    {
                        "spec": "/pa/terrain/metal/brushes/metal_structure_06.json",
                        "rotation": 0.9499993920326233,
                        "op": "BO_Add",
                        "transform": [
                            0.3942014276981354,
                            -0.30773305892944336,
                            -0.34929367899894714,
                            -230.4749298095703,
                            0.45340868830680847,
                            0.15010079741477966,
                            0.3794611692428589,
                            250.38038635253906,
                            0.10548107326030731,
                            0.5048471093177795,
                            -0.32573550939559937,
                            -214.93051147460938
                        ],
                        "mirrored": true,
                        "proj": "BP_Bend",
                        "position": [
                            -230.47491455078125,
                            250.38037109375,
                            214.9305419921875
                        ],
                        "height": 402.4974060058594,
                        "weightScale": [
                            1,
                            1,
                            1
                        ],
                        "scale": [
                            0.6100003719329834,
                            0.6100003719329834,
                            0.6100003719329834
                        ],
                        "weight": [
                            1,
                            1,
                            1,
                            1
                        ],
                        "weightHard": false,
                        "no_features": false,
                        "pathable": false,
                        "flooded": false,
                        "twinId": 9,
                        "mergeable": false
                    },
                    {
                        "spec": "/pa/terrain/metal/brushes/metal_structure_09.json",
                        "rotation": 0,
                        "op": "BO_Add",
                        "transform": [
                            0.5482496023178101,
                            0.2630541920661926,
                            -0.7938669919967651,
                            -319.2893981933594,
                            0.2630541920661926,
                            0.8468235731124878,
                            0.462268590927124,
                            185.92214965820312,
                            0.7938669919967651,
                            -0.462268590927124,
                            0.39507317543029785,
                            158.896484375
                        ],
                        "mirrored": false,
                        "proj": "BP_Bend",
                        "position": [
                            -319.2894287109375,
                            185.92218017578125,
                            158.8964385986328
                        ],
                        "height": 402.195068359375,
                        "weightScale": [
                            1,
                            1,
                            1
                        ],
                        "scale": [
                            1,
                            1,
                            1
                        ],
                        "weight": [
                            1,
                            1,
                            1,
                            1
                        ],
                        "weightHard": false,
                        "no_features": false,
                        "pathable": false,
                        "flooded": false,
                        "twinId": 10,
                        "mergeable": false
                    },
                    {
                        "spec": "/pa/terrain/metal/brushes/metal_structure_09.json",
                        "rotation": 0,
                        "op": "BO_Add",
                        "transform": [
                            0.5482496023178101,
                            0.2630541920661926,
                            -0.7938669919967651,
                            -319.2893981933594,
                            0.2630541920661926,
                            0.8468235731124878,
                            0.462268590927124,
                            185.92214965820312,
                            -0.7938669919967651,
                            0.462268590927124,
                            -0.39507317543029785,
                            -158.896484375
                        ],
                        "mirrored": true,
                        "proj": "BP_Bend",
                        "position": [
                            -319.2894287109375,
                            185.92218017578125,
                            158.8964385986328
                        ],
                        "height": 402.195068359375,
                        "weightScale": [
                            1,
                            1,
                            1
                        ],
                        "scale": [
                            1,
                            1,
                            1
                        ],
                        "weight": [
                            1,
                            1,
                            1,
                            1
                        ],
                        "weightHard": false,
                        "no_features": false,
                        "pathable": false,
                        "flooded": false,
                        "twinId": 10,
                        "mergeable": false
                    },
                    {
                        "spec": "/pa/terrain/metal/brushes/metal_structure_09.json",
                        "rotation": 0,
                        "op": "BO_Add",
                        "transform": [
                            0.24000978469848633,
                            0.3008335828781128,
                            -0.9229812622070312,
                            -371.0062561035156,
                            0.3008335828781128,
                            0.8809183835983276,
                            0.36535176634788513,
                            146.85865783691406,
                            0.9229812622070312,
                            -0.36535176634788513,
                            0.12092816829681396,
                            48.60890197753906
                        ],
                        "mirrored": false,
                        "proj": "BP_Bend",
                        "position": [
                            -371.0062255859375,
                            146.858642578125,
                            48.60887145996094
                        ],
                        "height": 401.965087890625,
                        "weightScale": [
                            1,
                            1,
                            1
                        ],
                        "scale": [
                            1,
                            1,
                            1
                        ],
                        "weight": [
                            1,
                            1,
                            1,
                            1
                        ],
                        "weightHard": false,
                        "no_features": false,
                        "pathable": false,
                        "flooded": false,
                        "twinId": 11,
                        "mergeable": false
                    },
                    {
                        "spec": "/pa/terrain/metal/brushes/metal_structure_09.json",
                        "rotation": 0,
                        "op": "BO_Add",
                        "transform": [
                            0.24000978469848633,
                            0.3008335828781128,
                            -0.9229812622070312,
                            -371.0062561035156,
                            0.3008335828781128,
                            0.8809183835983276,
                            0.36535176634788513,
                            146.85865783691406,
                            -0.9229812622070312,
                            0.36535176634788513,
                            -0.12092816829681396,
                            -48.60890197753906
                        ],
                        "mirrored": true,
                        "proj": "BP_Bend",
                        "position": [
                            -371.0062255859375,
                            146.858642578125,
                            48.60887145996094
                        ],
                        "height": 401.965087890625,
                        "weightScale": [
                            1,
                            1,
                            1
                        ],
                        "scale": [
                            1,
                            1,
                            1
                        ],
                        "weight": [
                            1,
                            1,
                            1,
                            1
                        ],
                        "weightHard": false,
                        "no_features": false,
                        "pathable": false,
                        "flooded": false,
                        "twinId": 11,
                        "mergeable": false
                    },
                    {
                        "spec": "/pa/terrain/metal/brushes/metal_structure_09.json",
                        "rotation": 1.079999327659607,
                        "op": "BO_Add",
                        "transform": [
                            0.4890989065170288,
                            -0.8715097308158875,
                            -0.03539811447262764,
                            -14.27910041809082,
                            0.4457088112831116,
                            0.2148388922214508,
                            0.8690155148506165,
                            350.5486145019531,
                            -0.749750554561615,
                            -0.44081178307533264,
                            0.49351704120635986,
                            199.07781982421875
                        ],
                        "mirrored": false,
                        "proj": "BP_Bend",
                        "position": [
                            -14.279098510742188,
                            350.548583984375,
                            199.07785034179688
                        ],
                        "height": 403.3858947753906,
                        "weightScale": [
                            1,
                            1,
                            1
                        ],
                        "scale": [
                            1,
                            1,
                            1
                        ],
                        "weight": [
                            1,
                            1,
                            1,
                            1
                        ],
                        "weightHard": false,
                        "no_features": false,
                        "pathable": false,
                        "flooded": false,
                        "twinId": 12,
                        "mergeable": false
                    },
                    {
                        "spec": "/pa/terrain/metal/brushes/metal_structure_09.json",
                        "rotation": 1.079999327659607,
                        "op": "BO_Add",
                        "transform": [
                            0.4890989065170288,
                            -0.8715097308158875,
                            -0.03539811447262764,
                            -14.27910041809082,
                            0.4457088112831116,
                            0.2148388922214508,
                            0.8690155148506165,
                            350.5486145019531,
                            0.749750554561615,
                            0.44081178307533264,
                            -0.49351704120635986,
                            -199.07781982421875
                        ],
                        "mirrored": true,
                        "proj": "BP_Bend",
                        "position": [
                            -14.279098510742188,
                            350.548583984375,
                            199.07785034179688
                        ],
                        "height": 403.3858947753906,
                        "weightScale": [
                            1,
                            1,
                            1
                        ],
                        "scale": [
                            1,
                            1,
                            1
                        ],
                        "weight": [
                            1,
                            1,
                            1,
                            1
                        ],
                        "weightHard": false,
                        "no_features": false,
                        "pathable": false,
                        "flooded": false,
                        "twinId": 12,
                        "mergeable": false
                    },
                    {
                        "spec": "/pa/terrain/metal/brushes/metal_structure_09.json",
                        "rotation": 0.9199994206428528,
                        "op": "BO_Add",
                        "transform": [
                            0.5381234884262085,
                            -0.8366184830665588,
                            0.10243314504623413,
                            41.30307388305664,
                            0.15967586636543274,
                            0.22051745653152466,
                            0.9622243642807007,
                            387.9879455566406,
                            -0.8276030421257019,
                            -0.5014393925666809,
                            0.2522534132003784,
                            101.71357727050781
                        ],
                        "mirrored": false,
                        "proj": "BP_Bend",
                        "position": [
                            41.303070068359375,
                            387.9879150390625,
                            101.71356201171875
                        ],
                        "height": 403.2198181152344,
                        "weightScale": [
                            1,
                            1,
                            1
                        ],
                        "scale": [
                            1,
                            1,
                            1
                        ],
                        "weight": [
                            1,
                            1,
                            1,
                            1
                        ],
                        "weightHard": false,
                        "no_features": false,
                        "pathable": false,
                        "flooded": false,
                        "twinId": 13,
                        "mergeable": false
                    },
                    {
                        "spec": "/pa/terrain/metal/brushes/metal_structure_09.json",
                        "rotation": 0.9199994206428528,
                        "op": "BO_Add",
                        "transform": [
                            0.5381234884262085,
                            -0.8366184830665588,
                            0.10243314504623413,
                            41.30307388305664,
                            0.15967586636543274,
                            0.22051745653152466,
                            0.9622243642807007,
                            387.9879455566406,
                            0.8276030421257019,
                            0.5014393925666809,
                            -0.2522534132003784,
                            -101.71356964111328
                        ],
                        "mirrored": true,
                        "proj": "BP_Bend",
                        "position": [
                            41.303070068359375,
                            387.9879150390625,
                            101.71356201171875
                        ],
                        "height": 403.2198181152344,
                        "weightScale": [
                            1,
                            1,
                            1
                        ],
                        "scale": [
                            1,
                            1,
                            1
                        ],
                        "weight": [
                            1,
                            1,
                            1,
                            1
                        ],
                        "weightHard": false,
                        "no_features": false,
                        "pathable": false,
                        "flooded": false,
                        "twinId": 13,
                        "mergeable": false
                    },
                    {
                        "spec": "/pa/terrain/metal/brushes/metal_structure_09.json",
                        "rotation": 0.909999430179596,
                        "op": "BO_Add",
                        "transform": [
                            0.4763725996017456,
                            -0.8618566393852234,
                            0.1739894300699234,
                            70.0838851928711,
                            0.017165660858154297,
                            0.20696407556533813,
                            0.9781978726387024,
                            394.0234069824219,
                            -0.8790758848190308,
                            -0.46300002932548523,
                            0.11338633298873901,
                            45.672630310058594
                        ],
                        "mirrored": false,
                        "proj": "BP_Bend",
                        "position": [
                            70.08389282226562,
                            394.0234375,
                            45.672576904296875
                        ],
                        "height": 402.805419921875,
                        "weightScale": [
                            1,
                            1,
                            1
                        ],
                        "scale": [
                            1,
                            1,
                            1
                        ],
                        "weight": [
                            1,
                            1,
                            1,
                            1
                        ],
                        "weightHard": false,
                        "no_features": false,
                        "pathable": false,
                        "flooded": false,
                        "twinId": 14,
                        "mergeable": false
                    },
                    {
                        "spec": "/pa/terrain/metal/brushes/metal_structure_09.json",
                        "rotation": 0.909999430179596,
                        "op": "BO_Add",
                        "transform": [
                            0.4763725996017456,
                            -0.8618566393852234,
                            0.1739894300699234,
                            70.0838851928711,
                            0.017165660858154297,
                            0.20696407556533813,
                            0.9781978726387024,
                            394.0234069824219,
                            0.8790758848190308,
                            0.46300002932548523,
                            -0.11338633298873901,
                            -45.672630310058594
                        ],
                        "mirrored": true,
                        "proj": "BP_Bend",
                        "position": [
                            70.08389282226562,
                            394.0234375,
                            45.672576904296875
                        ],
                        "height": 402.805419921875,
                        "weightScale": [
                            1,
                            1,
                            1
                        ],
                        "scale": [
                            1,
                            1,
                            1
                        ],
                        "weight": [
                            1,
                            1,
                            1,
                            1
                        ],
                        "weightHard": false,
                        "no_features": false,
                        "pathable": false,
                        "flooded": false,
                        "twinId": 14,
                        "mergeable": false
                    },
                    {
                        "spec": "/pa/terrain/metal/brushes/metal_t2_small_2_ramp.json",
                        "rotation": -1.2299991846084595,
                        "op": "BO_Add",
                        "transform": [
                            0.45464974641799927,
                            0.8374462127685547,
                            0.11652286350727081,
                            48.927001953125,
                            0.1551431119441986,
                            -0.212681844830513,
                            0.9231993556022644,
                            387.6439208984375,
                            0.8311583995819092,
                            -0.4183902442455292,
                            -0.2360622137784958,
                            -99.12060546875
                        ],
                        "mirrored": false,
                        "proj": "BP_Bend",
                        "position": [
                            48.927001953125,
                            387.6439208984375,
                            -99.12063598632812
                        ],
                        "height": 403.0962219238281,
                        "weightScale": [
                            1,
                            1,
                            1
                        ],
                        "scale": [
                            0.9600000381469727,
                            0.9600000381469727,
                            0.9600000381469727
                        ],
                        "weight": [
                            1,
                            1,
                            1,
                            1
                        ],
                        "weightHard": false,
                        "no_features": true,
                        "pathable": true,
                        "flooded": false,
                        "twinId": 15,
                        "mergeable": false
                    },
                    {
                        "spec": "/pa/terrain/metal/brushes/metal_t2_small_2_ramp.json",
                        "rotation": -1.2299991846084595,
                        "op": "BO_Add",
                        "transform": [
                            0.45464974641799927,
                            0.8374462127685547,
                            0.11652286350727081,
                            48.927001953125,
                            0.1551431119441986,
                            -0.212681844830513,
                            0.9231993556022644,
                            387.6439208984375,
                            -0.8311583995819092,
                            0.4183902442455292,
                            0.2360622137784958,
                            99.12060546875
                        ],
                        "mirrored": true,
                        "proj": "BP_Bend",
                        "position": [
                            48.927001953125,
                            387.6439208984375,
                            -99.12063598632812
                        ],
                        "height": 403.0962219238281,
                        "weightScale": [
                            1,
                            1,
                            1
                        ],
                        "scale": [
                            0.9600000381469727,
                            0.9600000381469727,
                            0.9600000381469727
                        ],
                        "weight": [
                            1,
                            1,
                            1,
                            1
                        ],
                        "weightHard": false,
                        "no_features": true,
                        "pathable": true,
                        "flooded": false,
                        "twinId": 15,
                        "mergeable": false
                    },
                    {
                        "spec": "/pa/terrain/metal/brushes/metal_t2_small_2_ramp.json",
                        "rotation": -0.5899997353553772,
                        "op": "BO_Add",
                        "transform": [
                            -0.26907601952552795,
                            0.3387294113636017,
                            -0.9015878438949585,
                            -362.3319396972656,
                            -0.09816592931747437,
                            0.9215918183326721,
                            0.3755423426628113,
                            150.92372131347656,
                            0.9581032395362854,
                            0.18955466151237488,
                            -0.21472656726837158,
                            -86.29474639892578
                        ],
                        "mirrored": false,
                        "proj": "BP_Bend",
                        "position": [
                            -362.3319091796875,
                            150.9237060546875,
                            -86.29470825195312
                        ],
                        "height": 401.88201904296875,
                        "weightScale": [
                            1,
                            1,
                            1
                        ],
                        "scale": [
                            1,
                            1,
                            1
                        ],
                        "weight": [
                            1,
                            1,
                            1,
                            1
                        ],
                        "weightHard": false,
                        "no_features": true,
                        "pathable": true,
                        "flooded": false,
                        "twinId": 16,
                        "mergeable": false
                    },
                    {
                        "spec": "/pa/terrain/metal/brushes/metal_t2_small_2_ramp.json",
                        "rotation": -0.5899997353553772,
                        "op": "BO_Add",
                        "transform": [
                            -0.26907601952552795,
                            0.3387294113636017,
                            -0.9015878438949585,
                            -362.3319396972656,
                            -0.09816592931747437,
                            0.9215918183326721,
                            0.3755423426628113,
                            150.92372131347656,
                            -0.9581032395362854,
                            -0.18955466151237488,
                            0.21472656726837158,
                            86.29474639892578
                        ],
